    # HGJ Eurocrypt 2010 Benchmark Instance (N=96, BitLength=96, k=48)
    # Target T: 2885139962834542255881671728668
    64300852301747213155390518686,
    54284071953024346822603392087,
    75972072006955199644957375388,
    61429940148315267567327568609,
    73447852662580382709217655496,
    57138472814643822457035728886,
    50277836707594685260584418954,
    51966778669230426263872003781,
    53490051955568236002214393381,
    70637041326140132469873756286,
    72436475493310700745923195362,
    68749831331379668726267786875,
    57493108649170101187692178652,
    42760627126952266723314088760,
    44155495572681791380402298601,
    50557155706096273314307736331,
    67771387061995455118517407283,
    44581037295885641544853820618,
    66283150608800342930677255886,
    62332122001331169409828188390,
    71762004913917867011814667437,
    74089452958401677769736764725,
    68607477734383781386014534812,
    61267905273898190023363659151,
    75252690818474212210670859575,
    40375880707315106315608550071,
    52101527181847894779504350171,
    61204423988863088447554182294,
    55730790569637857594796117253,
    50121554566572490550479513136,
    43849757770526769460839711155,
    51932916437146171990401806693,
    44951954648915374208837737673,
    49776282147967337018033118955,
    69123706783352025532082568593,
    41100552458679260452945606976,
    77079836838475308932436747269,
    74500458557096698339112390856,
    70179047641705511344281489769,
    61420996775495503780679704278,
    51610687726256673105677579619,
    70933247406654390990849585589,
    40054475759081389303766883379,
    42754457689742711089426425028,
    43461396565999151222636900800,
    70908949843512308147783689832,
    72976174710205074432477777159,
    70541898689231146536196269226,
    68051569751209585060573425427,
    75571234877950598583477407783,
    69842187069251064217907036099,
    51180135740413322745518315782,
    72262334307017230676621084626,
    53270213957313114417084865443,
    65287494637406632430811473367,
    74709097272909873825057380587,
    70839387940423076091700931649,
    41262367615528476710096442130,
    42982724580152043769673704222,
    54679228711960147972445867122,
    77706431526679443867606823230,
    43857375798250060701126473433,
    45510923760002202105891244023,
    61738922539271314120758163852,
    50520987337438964248490145888,
    57654902939154508616413806291,
    68247602235921381800707844894,
    51967128167601352347006053548,
    78535741087417493034160349231,
    56494490380214253149696452092,
    75527976009283763117756090790,
    70859912785524943796232319579,
    41972293160046301948708897475,
    50697386729690436189073400325,
    45970081308022002261498368625,
    69887052127878303114989244983,
    70514009899104370734451609272,
    70410373470740023926676827190,
    70731117183519223783617075568,
    72916295235268575729018504824,
    53413648494596476286886250539,
    60466522226364868219294441613,
    56762970883461286382539975156,
    70095522488810605402083170232,
    60142784872297152954606705439,
    62013095473094127930855669231,
    78477204386652359512885151306,
    62471603407529555157529599745,
    43286304567582015692418630452,
    55078462722065238848108747677,
    55923800463075106968571878471,
    75250466254473771558876739839,
    77238742130883993532880088493,
    58553965811586557587440961606,
    65762984111912352450708579864,
    45470226602864138443092881109
