# HGJ Benchmark Instance (N=72, BitLength=72, k=36, seed=42)
    # Target T: 122798200694866312882677
    2473917401731437787549,
    3509954769521848238331,
    2777071848008637079888,
    2516540277956889183337,
    3377482537681247324782,
    3293873589157517529011,
    3401939684322908915958,
    3681772103945313803562,
    2395665746099220960651,
    3113917745997302280971,
    3973845835521405305722,
    3378622256070904681353,
    3961687212591386716771,
    4152228275442619675629,
    3608251873942630660977,
    2942923970094309367398,
    4149084019155558866252,
    3754872399239484030952,
    4074179382831079028527,
    3740502896727501015694,
    2838335645786673000184,
    4506133261947639952343,
    4092117061940702623535,
    4028218841616275976937,
    3627924388354757640366,
    3122015712967548997076,
    3641008300005929693042,
    3404474819028032643524,
    2633752330339257168588,
    2523916776199069820153,
    4248570218666595416910,
    3358528385652519250590,
    3850165948175343001838,
    4716010448133137805679,
    3033730350802573324466,
    3525903842939537141726,
    3400878565385691929751,
    3025220604999563787748,
    2794562115555512307880,
    2667332951446318656744,
    2415461510555824295661,
    2909433790617027546535,
    2883967205441692635795,
    3107073007785632518920,
    4116443315382596130441,
    2378126455986060608030,
    4673005874523407675060,
    3814911647550519380025,
    3487503160732443000631,
    2689830862794496007905,
    2953798923818487364020,
    3600161149138405158320,
    3375096777109144781983,
    3314693000943835595562,
    4248501287662324536038,
    2922914012999194761652,
    2660476080941130235421,
    2693357282413705702070,
    2649526197366826537070,
    3926567217810622819835,
    3477472392249748993299,
    4660919968406583265595,
    2979872906259876821306,
    4603868503138743869786,
    4607712948138013954344,
    3254135887959674068893,
    4359967238009048882899,
    4262315987522739628526,
    3525343775951116735070,
    4356017508383469360765,
    4543037293173774291574,
    2803333181096786865064,

# planted solution indices (0-based): [0, 3, 7, 9, 12, 13, 16, 18, 20, 21, 24, 27, 29, 30, 31, 34, 35, 37, 39, 41, 42, 44, 45, 46, 49, 50, 51, 52, 55, 57, 58, 61, 62, 66, 68, 70]
