# HGJ Benchmark Instance (N=40, BitLength=40, k=20, seed=42)
    # Target T: 17382594727021
    672761215389,
    817225028183,
    701038352094,
    664588083369,
    585927692697,
    648668039790,
    804097927307,
    1011657820406,
    1040328870880,
    857229368748,
    725015473085,
    1016610767738,
    856159856758,
    786646794544,
    662870626169,
    966765981969,
    941013231511,
    931352896531,
    840111606275,
    600467043711,
    1055401161680,
    685202882181,
    637280952595,
    874249357553,
    948593808065,
    762688919999,
    625796370928,
    966801439440,
    1049165907769,
    727416415297,
    937892785672,
    629848516011,
    819175362004,
    1057263763183,
    847738306039,
    792666063417,
    909178495279,
    613218250297,
    989197338620,
    619625228958,

# planted solution indices (0-based): [4, 7, 8, 9, 12, 13, 16, 17, 18, 20, 23, 24, 25, 27, 28, 29, 31, 36, 38, 39]
