# HGJ Benchmark Instance (N=32, BitLength=32, k=16, seed=42)
    # Target T: 48449542436
    2625646975,
    2254904017,
    3328725591,
    3199286160,
    3106166494,
    2746794473,
    2587697063,
    2520883074,
    3959624089,
    2283989235,
    2275461742,
    2549901658,
    3086526603,
    3146754584,
    2261454771,
    3001484841,
    3949307556,
    3094268896,
    4076821802,
    3342303632,
    2175395615,
    2833215172,
    3962598673,
    3608848502,
    3340931977,
    2815263024,
    3072249211,
    3593146233,
    2586473453,
    2545824017,
    3779259005,
    2562877335,

# planted solution indices (0-based): [1, 2, 3, 8, 9, 11, 12, 14, 17, 19, 22, 23, 25, 27, 29, 31]
